0 0.309202 0.412689 0.132612 0.052386
0 0.176590 0.505821 0.108254 0.045402
0 0.401894 0.630384 0.142084 0.050058
0 0.430311 0.420256 0.151556 0.048894
0 0.218200 0.577416 0.060217 0.030268
0 0.289242 0.573341 0.073748 0.038417
0 0.246955 0.622817 0.058187 0.037253
0 0.188769 0.611176 0.109608 0.039581
0 0.184709 0.582072 0.060893 0.025611
0 0.193166 0.553551 0.057510 0.026775
0 0.274696 0.516298 0.128552 0.038417
0 0.227334 0.479627 0.136671 0.039581
0 0.441137 0.574505 0.123139 0.050058
0 0.173207 0.434226 0.109608 0.044237
